0
484
473
455
443
428
428
428
428
428
428
436
436
435
434
434
437
437
437
439
442
442
442
444
472
472
474
475
482
493
494
494
494
493
491
487
486
485
485
485
485
484
484
484
485
509
513
523
523
523
523
523
526
528
532
533
533
533
533
532
526
524
519
505
504
500
500
496
492
485
485
485
485
482
481
479
477
475
475
475
491
493
493
493
493
493
493
493
493
496
496
500
509
509
509
509
515
516
516
516
517
517
517
517
504
494
492
495
507
507
507
506
505
504
503
501
498
496
491
489
489
489
488
488
488
488
488
489
490
492
493
494
495
495
496
496
497
499
504
506
520
526
544
543
540
540
540
540
540
540
540
538
528
512
507
507
507
513
513
513
509
504
497
495
484
467
462
462
462
462
462
463
465
469
474
474
474
474
475
476
479
482
484
486
487
487
487
487
494
494
497
498
498
498
498
498
498
499
501
502
505
507
507
508
511
519
519
519
520
523
525
526
532
534
535
535
535
534
533
531
530
528
520
512
509
505
499
499
503
506
510
512
510
510
510
510
507
499
489
483
482
485
485
486
489
489
493
497
499
499
500
500
500
500
500
500
500
498
497
496
489
481
471
470
464
453
452
452
452
448
444
440
440
436
436
436
442
446
457
498
513
525
525
528
534
535
536
541
544
545
549
555
556
556
557
557
554
554
552
544
538
537
537
535
531
529
529
526
523
513
506
505
504
507
517
522
522
524
524
524
524
524
524
524
522
518
517
516
511
504
501
500
500
498
496
496
496
498
503
516
518
524
528
528
537
542
560
567
567
566
565
565
565
565
565
565
565
565
564
556
546
541
538
533
528
520
516
513
511
510
510
513
517
520
520
521
521
521
521
523
524
538
543
543
543
538
533
533
533
528
528
525
519
515
510
509
502
502
491
484
467
457
458
470
476
482
482
482
482
482
482
483
483
483
483
483
483
486
488
492
496
505
516
522
522
522
522
522
522
522
522
514
504
497
494
491
487
487
486
486
486
486
486
486
485
485
485
485
485
490
496
496
496
496
495
492
491
491
491
490
490
490
492
493
493
494
494
494
494
494
494
494
494
493
493
493
493
494
495
495
502
504
504
503
503
507
514
524
529
534
536
544
552
556
556
551
538
536
536
540
544
544
545
545
545
545
545
544
542
541
538
534
526
523
523
523
523
523
519
518
516
516
512
509
508
507
507
507
505
504
503
498
495
494
494
494
494
495
496
498
498
498
498
498
498
498
498
498
498
498
498
498
498
498
496
488
488
488
488
488
488
488
488
488
488
488
492
497
502
502
503
503
502
499
497
497
497
497
496
496
496
498
504
506
506
506
506
506
506
506
505
504
504
504
504
504
504
504
505
507
507
507
507
507
507
507
507
507
507
507
507
507
507
506
501
501
501
504
506
506
507
507
511
513
514
516
518
521
522
522
522
520
517
517
519
528
529
536
537
537
538
539
539
539
539
539
538
538
538
537
535
528
514
514
514
515
515
511
504
500
499
499
499
499
499
500
501
505
512
514
514
510
509
509
509
505
500
496
496
495
496
500
501
501
501
501
498
497
497
497
497
497
497
496
494
494
493
492
492
492
492
498
511
514
517
518
524
526
526
527
528
528
528
520
517
515
515
515
515
515
518
520
521
521
521
520
520
519
519
518
517
517
516
515
515
512
510
505
496
490
488
487
487
487
487
487
486
486
483
483
483
484
485
486
487
489
491
493
495
502
504
505
506
512
515
517
520
525
525
525
525
525
524
524
523
523
523
523
523
523
521
521
521
521
521
521
521
521
521
522
524
528
531
534
534
538
540
541
541
540
530
525
525
525
525
525
525
525
525
526
526
526
526
521
521
516
514
499
494
491
491
491
491
492
498
504
506
506
506
506
507
507
507
508
508
508
508
508
508
508
508
508
507
506
504
501
501
501
501
501
501
501
501
501
501
501
501
502
503
504
504
511
516
522
523
523
523
524
526
526
526
526
526
526
526
526
526
526
526
526
526
525
525
524
524
522
522
521
521
521
520
520
520
513
494
477
477
475
475
479
490
494
496
503
511
517
524
536
539
547
562
566
588
598
611
622
626
626
625
624
623
622
622
622
624
636
652
652
648
642
630
618
605
602
601
596
592
585
582
575
563
548
548
546
538
534
531
531
532
532
532
532
532
532
532
532
532
532
532
532
532
531
531
530
528
520
515
515
515
515
515
515
513
512
512
509
502
499
499
499
499
499
499
499
499
498
497
484
484
483
480
478
473
469
468
468
468
470
470
470
468
457
457
457
457
458
459
461
465
468
472
485
485
485
485
485
487
497
502
505
505
505
505
505
506
507
508
511
512
513
515
516
522
522
528
531
533
537
537
538
538
539
539
539
540
542
542
542
539
537
537
537
537
537
537
537
537
536
536
536
536
534
526
520
515
515
515
515
514
512
512
511
507
506
504
502
498
491
491
490
488
488
488
488
487
487
488
495
495
495
494
487
484
484
484
488
493
496
501
511
518
519
520
520
520
520
518
516
515
515
513
512
509
507
506
506
505
503
503
503
503
503
503
503
500
500
499
499
499
499
499
500
502
502
503
503
503
505
506
506
506
507
514
520
524
524
524
524
519
514
513
513
512
512
512
512
513
513
513
507
501
501
501
496
494
494
494
492
492
492
492
